   0/269         4/4     0.827     0.461      20.7      7.53      29.5        18      6.78          0          0          0          0       60.6
   0/269         4/4     0.643     0.471      6.45      6.58      14.1        18      6.67          0          0          0          0       35.3
   1/269         4/4     0.555     0.389      3.56      5.01      9.51        18        16          0          0          0          0       18.8
   2/269         4/4     0.469      2.36      2.83      4.16      9.82        18      25.6          0          0          0          0       16.1
   3/269         4/4     0.581     0.311      2.56       4.5      7.95        18      34.7          0          0          0          0       16.5
   4/269         4/4     0.422     0.266      2.32      3.64      6.65        18      43.8          0          0          0          0       15.6
   5/269         4/4     0.351     0.171      2.15      2.96      5.63        18        53          0          0          0          0       14.1
   6/269         4/4     0.258    0.0827      1.99      2.41      4.73        18      62.2          0          0          0          0       11.1
   7/269         4/4     0.208    0.0488      1.77      2.05      4.08        18      71.7          0          0          0          0       7.75
   8/269         4/4     0.169    0.0493      1.65      1.73      3.59        18      80.9      0.533      0.361      0.361      0.389       5.67
   9/269         4/4     0.142    0.0379      1.48      1.51      3.17        18      90.1          0          0          0          0       6.34
  10/269         4/4      0.12    0.0393      1.42      1.27      2.85        18      99.2      0.467      0.389      0.389      0.415       4.47
  11/269         4/4      0.11    0.0428      1.21      1.12      2.48        18       109      0.667      0.361      0.361      0.452       3.86
  12/269         4/4    0.0982    0.0414      1.11     0.919      2.17        18       119      0.667      0.472      0.472      0.552       3.67
  13/269         4/4    0.0922    0.0836         1      0.77      1.95        18       129      0.667      0.583      0.583      0.619       3.19
  14/269         4/4    0.0904     0.146     0.912      0.65       1.8        18       139      0.667      0.583      0.583      0.619       2.87
  15/269         4/4    0.0824     0.103     0.839     0.568      1.59        18       148      0.667      0.583      0.583      0.619       2.54
  16/269         4/4     0.078    0.0188     0.781     0.465      1.34        18       157      0.667      0.583      0.583      0.619       2.27
  17/269         4/4    0.0717    0.0341     0.719     0.385      1.21        18       166          1      0.917      0.917      0.952       2.04
  18/269         4/4    0.0675    0.0125     0.663     0.327      1.07        18       175          1      0.917      0.917      0.952       1.78
  19/269         4/4    0.0634     0.014     0.618      0.28     0.976        18       184          1          1          1          1       1.63
  20/269         4/4    0.0611    0.0102     0.576     0.246     0.893        18       194          1      0.917      0.917      0.952       1.53
  21/269         4/4    0.0587    0.0115     0.544     0.217     0.832        18       203          1          1          1          1       1.37
  22/269         4/4    0.0592    0.0108     0.502     0.207     0.779        18       212          1      0.917      0.917      0.952       1.35
  23/269         4/4    0.0572    0.0134     0.491     0.182     0.744        18       221          1          1          1          1        1.2
  24/269         4/4    0.0568    0.0151     0.448     0.176     0.696        18       231          1          1          1          1       1.16
  25/269         4/4    0.0548    0.0151     0.421     0.163     0.654        18       241          1          1          1          1       1.08
  26/269         4/4    0.0544     0.017     0.394     0.156     0.621        18       250          1          1          1          1          1
  27/269         4/4    0.0537    0.0169     0.371     0.149      0.59        18       259          1          1          1          1       1.03
  28/269         4/4    0.0532    0.0194     0.354      0.14     0.567        18       269          1          1          1          1      0.927
  29/269         4/4     0.053    0.0233     0.332     0.135     0.544        18       278          1          1          1          1      0.923
  30/269         4/4    0.0523    0.0244     0.317     0.129     0.523        18       288          1          1          1          1      0.905
  31/269         4/4    0.0517    0.0279     0.301     0.125     0.506        18       297          1          1          1          1       0.84
  32/269         4/4    0.0514    0.0379     0.288      0.12     0.497        18       307          1          1          1          1      0.838
  33/269         4/4    0.0511     0.046     0.274     0.115     0.487        18       316          1          1          1          1      0.777
  34/269         4/4    0.0509    0.0368     0.261     0.113     0.462        18       325          1          1          1          1      0.794
  35/269         4/4      0.05    0.0192     0.252     0.108     0.429        18       335          1          1          1          1      0.732
  36/269         4/4    0.0498    0.0134     0.238     0.106     0.407        18       344          1          1          1          1       0.77
  37/269         4/4    0.0494    0.0119     0.228     0.101      0.39        18       353          1          1          1          1      0.692
  38/269         4/4    0.0495    0.0104     0.217    0.0988     0.376        18       363          1          1          1          1      0.692
  39/269         4/4     0.049   0.00836     0.206    0.0961      0.36        18       372          1          1          1          1      0.675
  40/269         4/4    0.0488     0.007     0.197    0.0931     0.346        18       382          1          1          1          1      0.666
  41/269         4/4    0.0483   0.00665     0.189    0.0903     0.334        18       391          1          1          1          1       0.66
  42/269         4/4    0.0483   0.00685     0.181    0.0883     0.324        18       401          1          1          1          1      0.641
  43/269         4/4     0.048   0.00697     0.174    0.0857     0.314        18       411          1          1          1          1      0.638
  44/269         4/4    0.0481    0.0075     0.167    0.0837     0.306        18       421          1          1          1          1      0.628
  45/269         4/4    0.0483   0.00998      0.16    0.0821     0.301        18       432          1      0.917      0.917      0.952      0.579
  46/269         4/4    0.0496     0.017     0.155      0.08     0.302        18       441      0.889          1          1      0.933      0.693
  47/269         4/4    0.0492    0.0324      0.15    0.0789     0.311        18       450          1          1          1          1      0.534
  48/269         4/4    0.0498    0.0468     0.147    0.0768     0.321        18       459      0.889          1      0.983      0.933      0.679
  49/269         4/4    0.0477    0.0363     0.144    0.0765     0.305        18       469          1          1          1          1      0.513
  50/269         4/4    0.0498    0.0153      0.14    0.0768     0.282        18       478          1          1          1          1      0.579
  51/269         4/4    0.0483    0.0104     0.136     0.075      0.27        18       487      0.933          1          1      0.963      0.566
  52/269         4/4    0.0476      0.01     0.132    0.0734     0.263        18       496          1          1          1          1      0.509
  53/269         4/4    0.0474    0.0089     0.128    0.0716     0.256        18       506          1          1          1          1      0.544
  54/269         4/4    0.0473   0.00823     0.125    0.0701      0.25        18       516          1          1          1          1      0.535
  55/269         4/4    0.0468   0.00739      0.12     0.069     0.243        18       526          1          1          1          1      0.509
  56/269         4/4    0.0466   0.00723     0.117    0.0675     0.238        18       537          1          1          1          1      0.507
  57/269         4/4    0.0466   0.00712     0.113    0.0664     0.233        18       547          1          1          1          1      0.508
  58/269         4/4    0.0465   0.00729      0.11    0.0654     0.229        18       557          1          1          1          1      0.496
  59/269         4/4    0.0465   0.00772     0.107    0.0644     0.226        18       566          1          1          1          1        0.5
  60/269         4/4    0.0464   0.00846     0.105    0.0635     0.223        18       575          1      0.917      0.917      0.952      0.481
  61/269         4/4    0.0463    0.0094     0.102     0.063     0.221        18       585          1          1          1          1      0.484
  62/269         4/4    0.0463    0.0105       0.1    0.0621     0.219        18       594          1      0.917      0.917      0.952      0.475
  63/269         4/4    0.0463    0.0115    0.0975    0.0617     0.217        18       603          1          1          1          1       0.48
  64/269         4/4    0.0462    0.0122    0.0958    0.0608     0.215        18       613          1      0.917      0.917      0.952      0.469
  65/269         4/4    0.0462    0.0118    0.0935    0.0605     0.212        18       622      0.933          1          1      0.963      0.469
  66/269         4/4    0.0462    0.0109    0.0919    0.0596     0.209        18       631          1      0.917      0.917      0.952      0.462
  67/269         4/4    0.0462    0.0107    0.0898    0.0595     0.206        18       641      0.933          1          1      0.963      0.464
  68/269         4/4    0.0461    0.0107    0.0885    0.0585     0.204        18       650          1          1          1          1      0.459
  69/269         4/4    0.0461     0.011    0.0865    0.0584     0.202        18       659          1          1          1          1      0.457
  70/269         4/4    0.0461    0.0119    0.0851    0.0577     0.201        18       668          1          1          1          1      0.447
  71/269         4/4    0.0461     0.014    0.0834    0.0576     0.201        18       678      0.933          1          1      0.963      0.472
  72/269         4/4    0.0461    0.0187    0.0823    0.0568     0.204        18       687          1          1          1          1      0.466
  73/269         4/4    0.0462    0.0274    0.0815    0.0572     0.212        18       696      0.933          1      0.983      0.963      0.515
  74/269         4/4    0.0462    0.0353    0.0803    0.0561     0.218        18       705      0.833      0.917      0.917      0.867      0.529
  75/269         4/4    0.0463    0.0355    0.0787    0.0569     0.217        18       714      0.889          1      0.983      0.933      0.534
  76/269         4/4    0.0468     0.022    0.0784    0.0562     0.203        18       724          1          1          1          1       0.41
  77/269         4/4    0.0467    0.0148    0.0771    0.0566     0.195        18       733          1          1          1          1      0.421
  78/269         4/4    0.0462    0.0111    0.0765    0.0555     0.189        18       743      0.933          1          1      0.963      0.412
  79/269         4/4    0.0461    0.0084    0.0745    0.0555     0.184        18       753          1          1          1          1      0.396
  80/269         4/4    0.0459   0.00739    0.0729     0.055     0.181        18       763          1          1          1          1      0.393
  81/269         4/4    0.0459   0.00764    0.0718    0.0542      0.18        18       773          1      0.917      0.917      0.952      0.383
  82/269         4/4    0.0459   0.00728    0.0705    0.0539     0.178        18       782          1      0.917      0.917      0.952      0.393
  83/269         4/4    0.0458   0.00689    0.0693    0.0535     0.175        18       791          1      0.917      0.917      0.952      0.382
  84/269         4/4    0.0458   0.00642    0.0681    0.0532     0.173        18       801          1      0.917      0.917      0.952      0.391
  85/269         4/4    0.0458   0.00629    0.0671    0.0528     0.172        18       811          1      0.917      0.917      0.952      0.377
  86/269         4/4    0.0457   0.00624     0.066    0.0525     0.171        18       820          1      0.917      0.917      0.952      0.386
  87/269         4/4    0.0457   0.00613     0.065    0.0522     0.169        18       829          1      0.917      0.917      0.952      0.376
  88/269         4/4    0.0457    0.0061    0.0641     0.052     0.168        18       839          1      0.917      0.917      0.952      0.381
  89/269         4/4    0.0457   0.00608    0.0632    0.0517     0.167        18       848          1      0.917      0.917      0.952      0.374
  90/269         4/4    0.0457   0.00608    0.0623    0.0515     0.166        18       857          1      0.917      0.917      0.952      0.382
  91/269         4/4    0.0457   0.00608    0.0614    0.0512     0.164        18       867          1      0.917      0.917      0.952      0.369
  92/269         4/4    0.0456   0.00611    0.0606     0.051     0.163        18       876          1          1          1          1      0.377
  93/269         4/4    0.0456   0.00619    0.0598    0.0508     0.162        18       885          1      0.917      0.917      0.952      0.365
  94/269         4/4    0.0457   0.00645    0.0591    0.0506     0.162        18       894          1          1          1          1      0.381
  95/269         4/4    0.0458   0.00685    0.0583    0.0504     0.161        18       903          1      0.917      0.917      0.952      0.355
  96/269         4/4    0.0458   0.00729    0.0577    0.0503     0.161        18       913          1          1          1          1      0.394
  97/269         4/4    0.0458   0.00781     0.057    0.0501     0.161        18       922          1      0.917      0.917      0.952      0.347
  98/269         4/4    0.0458   0.00844    0.0563    0.0499      0.16        18       932          1          1          1          1      0.393
  99/269         4/4    0.0459   0.00991    0.0557    0.0497     0.161        18       941          1      0.917      0.917      0.952      0.337
   0/269         4/4       1.3     0.953      75.7      8.86      86.8        18      7.04          0          0          0          0       86.4
   1/269         4/4      1.04     0.504      13.7      8.01      23.2        18      16.5          0          0          0          0       52.7
   2/269         4/4      0.67     0.443      3.85      6.69      11.7        18      27.1          0          0          0          0       24.7
   3/269         4/4     0.574      1.07      2.68      5.52      9.84        18      36.5          0          0          0          0       16.9
   4/269         4/4     0.491       0.5      2.56      4.44      7.99        18      45.8          0          0          0          0       17.1
   5/269         4/4     0.395     0.253      2.37      3.81      6.83        18      56.7          0          0          0          0       16.4
   6/269         4/4     0.309      0.13      2.24      3.06      5.75        18      66.2          0          0          0          0       14.9
   7/269         4/4     0.255     0.191      2.14      2.64      5.22        18      76.2          0          0          0          0       10.1
   8/269         4/4     0.218     0.264      2.44       2.2      5.13        18      86.2          0          0          0          0       8.91
   0/269         4/4      1.45      1.05      73.7      8.92      85.1        18      7.11          0          0          0          0       87.4
   1/269         4/4         1     0.428      13.7      8.06      23.2        18      16.4          0          0          0          0       54.3
   2/269         4/4     0.586      0.34      3.87      6.46      11.3        18      25.7          0          0          0          0       26.3
    0/99         4/4      1.36     0.667      67.2      8.87      78.1        18      7.39          0          0          0          0       87.5
    1/99         4/4     0.753     0.296      12.1      7.66      20.8        18      22.4   0.000105     0.0455   8.52e-05   0.000209       55.5
    2/99         4/4     0.559     0.305       3.5         6      10.4        18      43.6          0          0          0          0       27.7
    0/99         4/4      1.39       1.2      70.9      8.86      82.3        18      3.53          0          0          0          0       87.2
    1/99         4/4     0.911     0.415      13.2      7.66      22.2        18      22.4          0          0          0          0       51.1
    2/99         4/4     0.574     0.365      3.92      5.97      10.8        18      40.7          0          0          0          0       23.8
    3/99         4/4     0.488     0.791      2.81      4.63      8.72        18      44.9          0          0          0          0       16.8
    4/99         4/4     0.429      1.03      2.47      4.06         8        18      49.3          0          0          0          0       17.3
    5/99         4/4     0.495     0.399      2.36       4.3      7.55        18      53.2          0          0          0          0       18.5
    6/99         4/4     0.324     0.266      2.19      3.36      6.15        18      57.3          0          0          0          0       19.1
    7/99         4/4      0.24    0.0954      2.05      2.54      4.93        18      61.9          0          0          0          0       19.2
    8/99         4/4     0.194     0.106      1.84      2.06      4.21        18      66.2          0          0          0          0       19.1
    9/99         4/4     0.154    0.0418       1.6      1.77      3.57        18      70.3          0          0          0          0       18.8
   10/99         4/4     0.129     0.039      1.44      1.49       3.1        18      74.4          0          0          0          0       18.4
   11/99         4/4     0.109    0.0329      1.32      1.26      2.72        18      78.7          0          0          0          0       17.8
   12/99         4/4    0.0987    0.0231      1.18       1.1       2.4        18      83.7          0          0          0          0       17.5
   13/99         4/4    0.0899    0.0189      1.16      0.89      2.16        18      88.7          0          0          0          0       16.9
   14/99         4/4     0.084    0.0212      0.98     0.799      1.88        18      93.3          0          0          0          0       17.5
   15/99         4/4    0.0758    0.0217      0.92     0.615      1.63        18      98.1          0          0          0          0       16.5
   16/99         4/4    0.0726    0.0149     0.805     0.533      1.43        18       103          0          0          0          0       17.2
   17/99         4/4     0.069     0.013     0.737     0.439      1.26        18       107          0          0          0          0       16.4
   18/99         4/4    0.0668    0.0122     0.671     0.367      1.12        18       113          0          0          0          0       16.4
   19/99         4/4    0.0628    0.0116     0.611     0.308     0.994        18       118          0          0          0          0       16.6
   20/99         4/4     0.061    0.0137     0.557      0.27     0.901        18       122          0          0          0          0       16.1
   21/99         4/4    0.0589    0.0229     0.514     0.236     0.832        18       127          0          0          0          0       16.3
   22/99         4/4    0.0577    0.0388     0.471     0.214     0.781        18       131          0          0          0          0         16
   23/99         4/4     0.056    0.0667     0.437     0.194     0.754        18       136          0          0          0          0       16.2
   24/99         4/4    0.0553    0.0967     0.407      0.18      0.74        18       140          0          0          0          0         16
   25/99         4/4    0.0556    0.0792      0.38     0.171     0.686        18       145          0          0          0          0       16.1
   26/99         4/4    0.0539    0.0213     0.355     0.163     0.592        18       150          0          0          0          0         16
   27/99         4/4    0.0529    0.0241     0.333     0.152     0.562        18       154          0          0          0          0       16.1
   28/99         4/4    0.0528    0.0284     0.311     0.145     0.537        18       159          0          0          0          0       15.9
   29/99         4/4    0.0525    0.0404     0.295     0.136     0.524        18       164          0          0          0          0         16
   30/99         4/4    0.0537    0.0711     0.275     0.132     0.532        18       168          0          0          0          0         16
   31/99         4/4    0.0561      0.12      0.27     0.126     0.571        18       173          0          0          0          0         16
   32/99         4/4    0.0558     0.143     0.261     0.129     0.588        18       177          0          0          0          0       15.9
   33/99         4/4     0.052    0.0203     0.247      0.13      0.45        18       182          0          0          0          0       16.2
   34/99         4/4    0.0514     0.037     0.234     0.124     0.446        18       186          0          0          0          0       15.9
   35/99         4/4    0.0503    0.0124     0.222     0.119     0.403        18       191          0          0          0          0         16
   36/99         4/4    0.0494    0.0115     0.214     0.108     0.383        18       195          0          0          0          0       16.1
   37/99         4/4    0.0488    0.0085     0.202     0.102     0.362        18       200          0          0          0          0       16.1
   38/99         4/4    0.0484   0.00737     0.193    0.0979     0.346        18       204          0          0          0          0       16.1
   39/99         4/4    0.0481    0.0071     0.183     0.094     0.333        18       209          0          0          0          0         16
   40/99         4/4    0.0479   0.00649     0.175    0.0907      0.32        18       213          0          0          0          0       16.1
   41/99         4/4    0.0476   0.00648     0.168    0.0875      0.31        18       218          0          0          0          0       16.1
   42/99         4/4    0.0475   0.00638     0.161    0.0853       0.3        18       222          0          0          0          0         16
   43/99         4/4    0.0474    0.0064     0.155    0.0831     0.292        18       227          0          0          0          0         16
   44/99         4/4    0.0472   0.00637     0.149     0.081     0.284        18       231          0          0          0          0       16.1
   45/99         4/4    0.0471   0.00638     0.144    0.0789     0.277        18       235          0          0          0          0         16
   46/99         4/4     0.047   0.00644     0.139    0.0775      0.27        18       239          0          0          0          0       16.1
   47/99         4/4     0.047   0.00645     0.134    0.0757     0.264        18       244          0          0          0          0       16.1
   48/99         4/4    0.0469   0.00648      0.13    0.0742     0.258        18       248          0          0          0          0         16
   49/99         4/4    0.0468   0.00651     0.127    0.0727     0.252        18       252          0          0          0          0       16.1
   50/99         4/4    0.0467   0.00654     0.123    0.0714     0.247        18       256          0          0          0          0       16.1
   51/99         4/4    0.0467   0.00651      0.12    0.0701     0.243        18       261          0          0          0          0       16.1
   52/99         4/4    0.0466   0.00651     0.116     0.069     0.238        18       265          0          0          0          0       16.1
   53/99         4/4    0.0466   0.00656     0.113    0.0678     0.234        18       269          0          0          0          0       16.1
   54/99         4/4    0.0465   0.00658      0.11    0.0669      0.23        18       274          0          0          0          0       16.1
   55/99         4/4    0.0465   0.00653     0.108    0.0659     0.227        18       278          0          0          0          0       16.1
   56/99         4/4    0.0464   0.00652     0.105    0.0652     0.223        18       283          0          0          0          0       16.1
   57/99         4/4    0.0463   0.00657     0.103    0.0641      0.22        18       287          0          0          0          0       16.1
   58/99         4/4    0.0463   0.00672       0.1    0.0635     0.217        18       292          0          0          0          0       16.1
   59/99         4/4    0.0462   0.00707    0.0979    0.0626     0.214        18       296          0          0          0          0       16.1
   60/99         4/4    0.0462   0.00789    0.0956    0.0621     0.212        18       300          0          0          0          0       16.1
   61/99         4/4    0.0461   0.00915    0.0938    0.0612      0.21        18       305          0          0          0          0       16.1
   62/99         4/4    0.0461    0.0114    0.0917    0.0609      0.21        18       309          0          0          0          0       16.2
   63/99         4/4    0.0463     0.014    0.0903      0.06     0.211        18       313          0          0          0          0       16.2
   64/99         4/4    0.0463    0.0165    0.0882      0.06     0.211        18       318          0          0          0          0       16.1
   65/99         4/4    0.0461    0.0157    0.0871     0.059     0.208        18       322          0          0          0          0       16.2
   66/99         4/4    0.0461    0.0135    0.0848    0.0592     0.203        18       326          0          0          0          0       16.1
   67/99         4/4     0.046   0.00898    0.0837    0.0583     0.197        18       331          0          0          0          0       16.2
   68/99         4/4     0.046   0.00656    0.0818    0.0581     0.192        18       335          0          0          0          0       16.2
   69/99         4/4    0.0459   0.00607    0.0804    0.0575      0.19        18       340          0          0          0          0       16.2
   70/99         4/4    0.0459   0.00635     0.079    0.0569     0.188        18       344          0          0          0          0       16.2
   71/99         4/4    0.0459   0.00644    0.0775    0.0566     0.186        18       348          0          0          0          0       16.2
   72/99         4/4    0.0459   0.00631    0.0763     0.056     0.184        18       353          0          0          0          0       16.2
   73/99         4/4    0.0458   0.00622     0.075    0.0556     0.183        18       357          0          0          0          0       16.2
   74/99         4/4    0.0458   0.00622    0.0737    0.0552     0.181        18       362          0          0          0          0       16.2
   75/99         4/4    0.0458   0.00636    0.0725    0.0549      0.18        18       366          0          0          0          0       16.3
   76/99         4/4    0.0458   0.00658    0.0713    0.0545     0.178        18       371          0          0          0          0       16.2
   77/99         4/4    0.0458    0.0068    0.0703    0.0542     0.177        18       375          0          0          0          0       16.3
   78/99         4/4    0.0458   0.00704    0.0691    0.0539     0.176        18       380          0          0          0          0       16.2
   79/99         4/4    0.0458   0.00726    0.0681    0.0536     0.175        18       384          0          0          0          0       16.3
   80/99         4/4    0.0458   0.00754    0.0671    0.0534     0.174        18       388          0          0          0          0       16.3
   81/99         4/4    0.0458   0.00774    0.0661    0.0532     0.173        18       393          0          0          0          0       16.3
   82/99         4/4    0.0458    0.0079    0.0652    0.0528     0.172        18       397          0          0          0          0       16.3
   83/99         4/4    0.0458   0.00793    0.0642    0.0525      0.17        18       402          0          0          0          0       16.3
   84/99         4/4    0.0457   0.00787    0.0633    0.0521     0.169        18       406          0          0          0          0       16.3
   85/99         4/4    0.0457   0.00773    0.0625    0.0519     0.168        18       411          0          0          0          0       16.3
   86/99         4/4    0.0457   0.00766    0.0616    0.0516     0.167        18       415          0          0          0          0       16.3
   87/99         4/4    0.0457   0.00753    0.0608    0.0514     0.165        18       420          0          0          0          0       16.3
   88/99         4/4    0.0457   0.00747    0.0599    0.0511     0.164        18       424          0          0          0          0       16.3
   89/99         4/4    0.0457   0.00752    0.0592    0.0509     0.163        18       429          0          0          0          0       16.3
   90/99         4/4    0.0457   0.00767    0.0584    0.0507     0.162        18       433          0          0          0          0       16.3
   91/99         4/4    0.0456   0.00808    0.0576    0.0505     0.162        18       438          0          0          0          0       16.3
   92/99         4/4    0.0456   0.00879     0.057    0.0502     0.162        18       442          0          0          0          0       16.4
   93/99         4/4    0.0456    0.0103    0.0562    0.0502     0.162        18       447          0          0          0          0       16.3
   94/99         4/4    0.0457    0.0123    0.0557    0.0499     0.163        18       451          0          0          0          0       16.4
   95/99         4/4    0.0457    0.0157    0.0548      0.05     0.166        18       456          0          0          0          0       16.3
   96/99         4/4    0.0457    0.0186    0.0545    0.0497     0.168        18       460          0          0          0          0       16.4
   97/99         4/4    0.0458    0.0215    0.0536    0.0501     0.171        18       465          0          0          0          0       16.4
   98/99         4/4    0.0458     0.019    0.0534    0.0495     0.168        18       469          0          0          0          0       16.4
   99/99         4/4    0.0458     0.015    0.0524    0.0499     0.163        18       473          0          0          0          0       16.4
  30/239         9/9      0.16    0.0638     0.705      1.49      2.42        77       236    0.00188   0.000142   1.02e-05    0.00025       15.3
  30/239   7328/7328      0.71     0.214      1.36      0.69      2.98       111  2.66e+04     0.0986      0.196     0.0585      0.127       10.1
  31/239   7328/7328     0.705     0.213      1.33     0.676      2.92       111  2.77e+04      0.103      0.192     0.0594      0.131       10.2
  32/239   7328/7328     0.699     0.212       1.3     0.661      2.87       111  2.88e+04      0.101        0.2     0.0623       0.13       10.3
  33/239   7328/7328     0.694     0.211      1.28     0.651      2.83       111  2.99e+04      0.101      0.196     0.0608      0.129       10.4
  34/239   7328/7328     0.689      0.21      1.25     0.639      2.79       111   3.1e+04     0.0971      0.198     0.0605      0.127       10.5
  35/239   7328/7328     0.684      0.21      1.23     0.629      2.76       111  3.21e+04      0.108      0.189     0.0619      0.133       10.6
  36/239   7328/7328     0.679     0.209      1.21      0.62      2.72       111  3.32e+04      0.104      0.199     0.0647      0.133       10.6
  37/239   7328/7328     0.675     0.208      1.19      0.61      2.69       111  3.43e+04      0.101      0.193     0.0601      0.129       10.8
  38/239   7328/7328     0.669     0.208      1.18     0.602      2.66       111  3.54e+04      0.101      0.187     0.0564      0.128       10.7
  39/239   7328/7328     0.665     0.207      1.16     0.591      2.63       111  3.65e+04      0.105      0.185     0.0585      0.131       10.9
  40/239   7328/7328     0.661     0.206      1.15     0.585       2.6       111  3.76e+04      0.102       0.19     0.0593      0.129       10.9
  41/239   7328/7328     0.656     0.205      1.13     0.577      2.57       111  3.87e+04        0.1      0.193     0.0612      0.128       10.9
  42/239   7328/7328     0.653     0.205      1.12     0.573      2.55       111  3.98e+04      0.101      0.199      0.062       0.13       10.9
  43/239   7328/7328     0.649     0.205      1.11     0.567      2.53       111  4.09e+04     0.0975      0.194       0.06      0.126       10.8
  44/239   7328/7328     0.644     0.204       1.1     0.556       2.5       111  4.21e+04      0.101      0.191      0.059      0.127       11.1
  45/239   7328/7328      0.64     0.203      1.09     0.552      2.49       111  4.32e+04      0.109      0.189     0.0624      0.134         11
  46/239   7328/7328     0.636     0.203      1.08     0.546      2.46       111  4.43e+04      0.101      0.187     0.0568      0.128       11.1
  47/239   7328/7328     0.633     0.202      1.07     0.541      2.45       111  4.54e+04      0.104      0.187     0.0597      0.128         11
  48/239   7328/7328      0.63     0.202      1.06     0.539      2.43       111  4.65e+04      0.103      0.189     0.0595       0.13       11.1
  49/239   7328/7328     0.626     0.201      1.06      0.53      2.41       111  4.76e+04     0.0991      0.185      0.057      0.126       11.2
  50/239   7328/7328     0.623     0.201      1.05     0.528       2.4       111  4.87e+04      0.107      0.186     0.0594      0.131       11.2
  51/239   7328/7328      0.62       0.2      1.04     0.523      2.39       111  4.98e+04      0.112      0.181     0.0583      0.134       11.1
  52/239   7328/7328     0.617       0.2      1.04     0.521      2.38       111  5.09e+04      0.106      0.178      0.058      0.129       11.3
  53/239   7328/7328     0.614     0.199      1.03     0.516      2.36       111   5.2e+04      0.101      0.186     0.0571      0.128       11.2
  54/239   7328/7328     0.611     0.199      1.03     0.511      2.35       111  5.31e+04      0.103      0.179     0.0574      0.126       11.2
  55/239   7328/7328     0.608     0.199      1.02     0.508      2.34       111  5.42e+04     0.0995      0.188      0.058      0.126       11.3
  56/239   7328/7328     0.606     0.198      1.02     0.508      2.33       111  5.53e+04      0.103      0.182     0.0591      0.127       11.3
  57/239   7328/7328     0.603     0.198      1.01     0.505      2.32       111  5.64e+04      0.105      0.179     0.0569      0.128       11.2
  58/239   7328/7328     0.601     0.197      1.01       0.5      2.31       111  5.75e+04      0.112      0.171     0.0603      0.131       11.3
  59/239   7328/7328     0.598     0.197         1     0.498       2.3       111  5.86e+04      0.103      0.179     0.0578      0.127       11.2
  60/239   7328/7328     0.596     0.196     0.999     0.495      2.29       111  5.97e+04     0.0981      0.183     0.0584      0.125       11.3
  61/239   7328/7328     0.594     0.196     0.997     0.494      2.28       111  6.08e+04      0.105      0.175     0.0566      0.127       11.4
  62/239   7328/7328     0.592     0.196     0.996     0.493      2.28       111  6.19e+04      0.104       0.18     0.0569      0.128       11.3
  63/239   7328/7328      0.59     0.196     0.991     0.489      2.27       111   6.3e+04      0.109      0.176     0.0587      0.132       11.4
  64/239   7328/7328     0.587     0.196     0.987     0.487      2.26       111  6.41e+04     0.0957      0.189       0.06      0.123       11.4
  65/239   7328/7328     0.586     0.195     0.986     0.486      2.25       111  6.52e+04      0.103      0.179     0.0583      0.128       11.2
  66/239   7328/7328     0.583     0.195     0.981     0.482      2.24       111  6.63e+04      0.104      0.174     0.0581      0.125       11.3
  67/239   7328/7328     0.582     0.194     0.978     0.482      2.24       111  6.74e+04      0.104      0.175      0.057      0.127       11.4
  68/239   7328/7328     0.581     0.194     0.976     0.479      2.23       111  6.85e+04      0.102      0.186     0.0607      0.127       11.3
  69/239   7328/7328     0.578     0.194     0.972     0.478      2.22       111  6.96e+04        0.1      0.182     0.0587      0.126       11.3
  70/239   7328/7328     0.577     0.194     0.972     0.476      2.22       111  7.07e+04      0.103      0.181     0.0611      0.128       11.3
  71/239   7328/7328     0.575     0.193     0.968     0.473      2.21       111  7.18e+04      0.101      0.182     0.0587      0.127       11.4
  72/239   7328/7328     0.574     0.193     0.965     0.472       2.2       111  7.29e+04      0.101      0.177     0.0576      0.126       11.5
  73/239   7328/7328     0.573     0.193     0.965     0.475      2.21       111   7.4e+04     0.0993      0.178     0.0576      0.124       11.4
  74/239   7328/7328     0.571     0.193     0.964     0.472       2.2       111  7.51e+04     0.0986      0.181      0.058      0.125       11.5
  75/239   7328/7328     0.569     0.193     0.958     0.469      2.19       111  7.62e+04      0.104      0.169     0.0565      0.125       11.5
  76/239   7328/7328     0.568     0.193      0.96      0.47      2.19       111  7.73e+04      0.105      0.181     0.0608       0.13       11.3
  77/239   7328/7328     0.567     0.192     0.958      0.47      2.19       111  7.84e+04      0.101      0.176     0.0593      0.125       11.3
  78/239   7328/7328     0.566     0.192     0.952     0.466      2.18       111  7.96e+04      0.104      0.174     0.0561      0.127       11.4
  79/239   7328/7328     0.564     0.192     0.953     0.465      2.17       111  8.08e+04     0.0998      0.181      0.058      0.125       11.4
  80/239   7328/7328     0.563     0.191     0.952     0.465      2.17       111  8.19e+04      0.104      0.181     0.0587      0.129       11.4
  81/239   7328/7328     0.562     0.191     0.948     0.462      2.16       111   8.3e+04      0.106      0.168     0.0561      0.126       11.4
  82/239   7328/7328      0.56     0.191     0.946     0.462      2.16       111  8.42e+04     0.0992      0.173     0.0561      0.124       11.4
  83/239   7328/7328     0.559     0.191     0.945     0.458      2.15       111  8.54e+04        0.1      0.164     0.0535      0.121       11.5
  84/239   7328/7328     0.558     0.191     0.943     0.458      2.15       111  8.65e+04     0.0943      0.186     0.0583      0.122       11.3
  85/239   7328/7328     0.558     0.191     0.945     0.461      2.16       111  8.77e+04      0.101      0.177     0.0571      0.125       11.4
  86/239   7328/7328     0.557      0.19     0.942      0.46      2.15       111  8.88e+04     0.0977      0.173     0.0562      0.122       11.4
  87/239   7328/7328     0.555      0.19     0.939     0.457      2.14       111  8.99e+04     0.0977      0.181     0.0561      0.123       11.5
  88/239   7328/7328     0.555      0.19     0.939     0.456      2.14       111  9.12e+04      0.102      0.176     0.0589      0.125       11.4
  89/239   7328/7328     0.553      0.19     0.935     0.454      2.13       111  9.23e+04     0.0997      0.185     0.0594      0.127       11.4
  90/239   7328/7328     0.552      0.19     0.932     0.453      2.13       111  9.34e+04     0.0989      0.184     0.0598      0.125       11.5
  91/239   7328/7328     0.552     0.189     0.934     0.456      2.13       111  9.45e+04      0.107      0.172     0.0564      0.128       11.4
  92/239   7328/7328      0.55     0.189     0.932     0.451      2.12       111  9.56e+04     0.0948      0.179     0.0565      0.119       11.5
  93/239   7328/7328     0.549     0.189      0.93     0.451      2.12       111  9.67e+04      0.105      0.175     0.0566      0.127       11.4
  94/239   7328/7328     0.548     0.189     0.929      0.45      2.12       111  9.79e+04     0.0974      0.176     0.0556      0.122       11.5
  95/239   7328/7328     0.548     0.189     0.927      0.45      2.11       111   9.9e+04      0.108      0.176     0.0576       0.13       11.4
  96/239   7328/7328     0.546     0.189     0.926     0.449      2.11       111     1e+05     0.0997      0.171     0.0558      0.123       11.3
  97/239   7328/7328     0.546     0.188     0.927     0.449      2.11       111  1.01e+05      0.102      0.183     0.0577      0.127       11.4
  98/239   7328/7328     0.545     0.189     0.924     0.449      2.11       111  1.02e+05      0.103      0.182     0.0592      0.128       11.4
  99/239   7328/7328     0.544     0.188     0.923     0.445       2.1       111  1.03e+05        0.1      0.179     0.0572      0.126       11.4
 100/239   7328/7328     0.543     0.188     0.923     0.447       2.1       111  1.05e+05      0.102      0.172     0.0556      0.125       11.4
 101/239   7328/7328     0.542     0.188     0.921     0.445       2.1       111  1.06e+05      0.101      0.186     0.0582      0.127       11.4
 102/239   7328/7328     0.541     0.188     0.919     0.445      2.09       111  1.07e+05      0.102      0.175     0.0555      0.126       11.5
 103/239   7328/7328     0.541     0.188      0.92     0.445      2.09       111  1.08e+05      0.103       0.17     0.0544      0.125       11.3
 104/239   7328/7328      0.54     0.188     0.917     0.444      2.09       111  1.09e+05      0.104      0.173     0.0553      0.126       11.3
 105/239   7328/7328     0.539     0.187     0.914     0.439      2.08       111   1.1e+05     0.0982      0.177     0.0553      0.123       11.5
 106/239   7328/7328     0.538     0.187     0.915      0.44      2.08       111  1.11e+05      0.104      0.172     0.0549      0.125       11.3
 107/239   7328/7328     0.538     0.187     0.916     0.444      2.09       111  1.12e+05        0.1      0.182     0.0583      0.126       11.5
 108/239   7328/7328     0.537     0.187     0.913     0.439      2.08       111  1.13e+05      0.104       0.17     0.0576      0.126       11.4
 109/239   7328/7328     0.535     0.187     0.911     0.439      2.07       111  1.14e+05      0.105      0.172     0.0569      0.126       11.4
 110/239   7328/7328     0.535     0.187     0.912      0.44      2.07       111  1.16e+05      0.104      0.172     0.0565      0.126       11.4
 111/239   7328/7328     0.534     0.187     0.911     0.439      2.07       111  1.17e+05      0.104      0.173     0.0552      0.126       11.3
 112/239   7328/7328     0.534     0.186     0.909     0.438      2.07       111  1.18e+05      0.101      0.177     0.0572      0.126       11.5
 113/239   7328/7328     0.533     0.187     0.907     0.437      2.06       111  1.19e+05     0.0999      0.174     0.0548      0.124       11.4
 114/239   7328/7328     0.533     0.186     0.907     0.436      2.06       111   1.2e+05      0.106      0.174     0.0575      0.127       11.4
 115/239   7328/7328     0.532     0.186     0.904     0.432      2.05       111  1.21e+05        0.1      0.173     0.0561      0.124       11.3
 116/239   7328/7328     0.531     0.186     0.904     0.433      2.05       111  1.22e+05      0.101      0.175     0.0578      0.124       11.6
 117/239   7328/7328     0.531     0.186     0.904     0.435      2.06       111  1.23e+05      0.103      0.174     0.0568      0.125       11.4
 118/239   7328/7328      0.53     0.186     0.903     0.434      2.05       111  1.24e+05     0.0987      0.171     0.0575      0.122       11.5
 119/239   7328/7328      0.53     0.186     0.906     0.436      2.06       111  1.25e+05     0.0983      0.174     0.0542      0.122       11.3
 120/239   7328/7328     0.529     0.185     0.902     0.433      2.05       111  1.27e+05      0.104      0.169     0.0558      0.125       11.4
 121/239   7328/7328     0.528     0.185     0.897     0.429      2.04       111  1.28e+05     0.0975      0.186     0.0595      0.124       11.5
 122/239   7328/7328     0.527     0.185     0.901     0.431      2.05       111  1.29e+05     0.0982      0.173     0.0573      0.122       11.4
 123/239   7328/7328     0.527     0.185     0.899     0.432      2.04       111   1.3e+05      0.104      0.178     0.0598      0.128       11.3
 124/239   7328/7328     0.528     0.185     0.903     0.437      2.05       111  1.31e+05        0.1      0.169     0.0565      0.123       11.3
 125/239   7328/7328     0.526     0.185     0.898     0.429      2.04       111  1.32e+05      0.102      0.172      0.055      0.126       11.4
 126/239   7328/7328     0.526     0.185     0.899     0.434      2.04       111  1.33e+05      0.106      0.167     0.0554      0.125       11.5
 127/239   7328/7328     0.525     0.185     0.896      0.43      2.04       111  1.34e+05     0.0972       0.18     0.0582      0.123       11.4
 128/239   7328/7328     0.523     0.185     0.892     0.425      2.02       111  1.35e+05      0.115      0.164     0.0565       0.13       11.5
 129/239   7328/7328     0.524     0.185     0.896     0.431      2.04       111  1.36e+05      0.105      0.171     0.0552      0.126       11.3
 130/239   7328/7328     0.524     0.185     0.896     0.431      2.03       111  1.38e+05      0.104      0.174       0.06      0.127       11.3
 131/239   7328/7328     0.523     0.184     0.891     0.429      2.03       111  1.39e+05     0.0999      0.172     0.0558      0.122       11.4
 132/239   7328/7328     0.522     0.184     0.892     0.428      2.03       111   1.4e+05     0.0988      0.176     0.0567      0.123       11.4
 133/239   7328/7328     0.522     0.184     0.892     0.427      2.02       111  1.41e+05      0.104      0.169     0.0556      0.125       11.4
 134/239   7328/7328     0.521     0.184     0.892     0.427      2.02       111  1.42e+05     0.0929      0.181     0.0571       0.12       11.5
 135/239   7328/7328     0.521     0.184     0.892     0.427      2.02       111  1.43e+05     0.0966      0.181     0.0574      0.122       11.5
